.begin 1
.V 3 0 1
.V 5 0 15
.V 7 15 20
.V 7 20 21
.V 11 20 21
.H 3 1 5
.H 5 15 7
.H 7 20 11
.end
.begin 2
.V 4 0 16
.V 10 16 20
.V 10 20 21
.H 4 16 10
.end
.begin 3
.V 4 17 20
.V 4 20 21
.V 9 0 11
.V 11 0 17
.H 9 11 11
.H 4 17 11
.end
.begin 4
.V 3 19 20
.V 3 20 21
.V 7 0 13
.V 10 13 15
.V 12 0 19
.H 7 13 10
.H 10 15 12
.H 3 19 12
.end
.begin 5
.V 1 3 20
.V 1 20 21
.V 8 0 12
.V 9 12 20
.V 9 20 21
.V 10 0 12
.H 1 3 8
.H 8 12 10
.end
.begin 6
.V 0 0 1
.V 2 0 20
.V 6 20 21
.H 0 1 2
.H 2 20 6
.end
.begin 7
.V 6 0 14
.V 8 14 20
.V 8 20 21
.H 6 14 8
.end
.begin 9
.V 1 0 2
.V 3 2 18
.V 5 18 20
.V 5 20 21
.V 12 20 21
.H 1 2 3
.H 3 18 12
.end
