.begin 1
.V 2 0 20
.V 2 20 21
.V 9 18 20
.V 9 20 21
.V 22 19 20
.V 22 20 21
.H 2 18 9
.H 9 19 22
.end
.begin 2
.V 0 20 21
.V 3 4 20
.V 12 0 17
.V 20 1 20
.V 20 20 21
.V 25 0 1
.H 20 1 25
.H 3 4 12
.H 12 17 20
.H 0 20 3
.end
.begin 3
.V 11 0 1
.V 14 10 20
.V 14 20 21
.V 15 1 10
.V 17 0 20
.V 23 20 21
.H 11 1 17
.H 14 10 15
.H 17 20 23
.end
.begin 4
.V 3 0 3
.V 4 6 20
.V 4 20 21
.V 6 3 6
.V 13 0 3
.V 18 0 14
.V 22 14 18
.V 25 18 19
.V 27 19 20
.V 27 20 21
.H 3 3 18
.H 4 6 6
.H 18 14 22
.H 22 18 25
.H 25 19 27
.end
.begin 5
.V 4 0 5
.V 7 8 20
.V 7 20 21
.V 8 5 8
.V 11 2 20
.V 11 20 21
.V 16 0 2
.V 24 0 2
.V 27 0 2
.H 11 2 27
.H 4 5 8
.H 7 8 11
.end
.begin 6
.V 5 20 21
.V 15 11 20
.V 15 20 21
.V 19 0 15
.V 23 15 19
.V 24 19 20
.V 24 20 21
.V 25 20 21
.H 15 11 19
.H 19 15 23
.H 23 19 24
.H 5 20 15
.H 24 20 25
.end
.begin 8
.V 0 0 19
.V 6 7 20
.V 6 20 21
.V 7 0 7
.V 13 4 20
.V 13 20 21
.V 21 0 4
.H 13 4 21
.H 6 7 13
.H 0 19 6
.end
.begin 10
.V 1 2 20
.V 1 20 21
.V 8 0 2
.V 10 0 16
.V 19 16 20
.V 19 20 21
.H 1 2 10
.H 10 16 19
.end
.begin 11
.V 5 0 17
.V 8 9 20
.V 8 20 21
.V 14 0 9
.V 16 9 15
.V 18 15 20
.V 18 20 21
.H 8 9 16
.H 16 15 18
.H 5 17 8
.end
.begin 12
.V 1 0 1
.V 9 0 17
.V 10 17 20
.V 10 20 21
.V 16 18 20
.V 16 20 21
.H 1 1 9
.H 9 17 10
.H 10 18 16
.end
.begin 14
.V 21 5 20
.V 21 20 21
.V 22 0 5
.H 21 5 22
.end
.begin 20
.V 23 0 3
.V 26 0 20
.V 26 20 21
.H 23 3 26
.end
