.begin 1
.V 20 6 20
.V 20 20 21
.V 39 0 10
.V 47 10 20
.V 47 20 21
.V 49 19 20
.V 49 20 21
.V 56 20 21
.V 94 20 21
.H 20 6 39
.H 39 10 47
.H 47 19 49
.H 49 20 94
.end
.begin 2
.V 0 20 21
.V 25 9 20
.V 47 4 9
.V 49 0 4
.V 51 0 4
.H 47 4 51
.H 25 9 47
.H 0 20 25
.end
.begin 3
.V 0 0 19
.V 7 19 20
.V 7 20 21
.V 28 19 20
.V 28 20 21
.V 40 6 20
.V 40 20 21
.V 43 0 6
.V 45 0 13
.V 62 13 20
.V 62 20 21
.H 43 4 45
.H 40 6 43
.H 45 13 62
.H 0 19 28
.H 28 20 40
.end
.begin 4
.V 1 2 20
.V 1 20 21
.V 12 0 2
.H 1 2 12
.end
.begin 5
.V 1 0 1
.V 4 0 17
.V 10 17 20
.V 10 20 21
.V 13 17 20
.V 13 20 21
.V 45 17 20
.V 45 20 21
.V 48 20 21
.H 1 1 4
.H 4 17 45
.H 45 20 48
.end
.begin 6
.V 2 4 20
.V 2 20 21
.V 15 0 4
.V 20 0 2
.V 31 0 2
.V 57 0 12
.V 68 12 20
.V 68 20 21
.V 74 17 20
.V 74 20 21
.V 76 0 6
.V 77 6 9
.V 82 9 10
.V 89 10 17
.V 111 12 20
.V 111 20 21
.V 119 0 12
.V 120 0 20
.V 120 20 21
.H 15 2 57
.H 2 4 15
.H 76 6 77
.H 77 9 82
.H 82 10 89
.H 57 12 68
.H 111 12 120
.H 68 17 111
.end
.begin 7
.V 2 0 3
.V 8 0 3
.V 11 0 10
.V 13 10 16
.V 16 16 20
.V 16 20 21
.H 2 3 11
.H 11 10 13
.H 13 16 16
.end
.begin 8
.V 3 6 20
.V 3 20 21
.V 14 0 6
.V 19 0 1
.V 30 0 1
.V 58 0 11
.V 63 5 20
.V 63 20 21
.V 71 0 5
.V 79 5 20
.V 79 20 21
.V 98 5 12
.V 102 3 20
.V 102 20 21
.V 110 0 3
.V 117 3 19
.V 125 1 20
.V 125 20 21
.V 129 0 1
.H 14 1 58
.H 125 1 129
.H 102 3 117
.H 63 5 98
.H 3 6 14
.H 58 11 63
.H 98 12 102
.H 117 19 125
.end
.begin 9
.V 3 0 5
.V 5 5 15
.V 8 15 20
.V 8 20 21
.V 31 15 19
.V 41 7 20
.V 41 20 21
.V 48 0 7
.V 50 0 12
.V 55 12 20
.V 55 20 21
.H 3 5 5
.H 41 7 50
.H 50 12 55
.H 5 15 31
.H 31 19 41
.end
.begin 10
.V 4 18 20
.V 4 20 21
.V 27 18 20
.V 27 20 21
.H 4 18 27
.end
.begin 11
.V 5 16 20
.V 5 20 21
.V 12 3 20
.V 12 20 21
.V 21 0 13
.V 29 13 20
.V 29 20 21
.V 33 0 20
.V 33 20 21
.V 35 15 20
.V 35 20 21
.V 39 16 20
.V 39 20 21
.H 12 3 21
.H 21 13 33
.H 33 15 35
.H 5 16 12
.H 35 16 39
.end
.begin 12
.V 5 0 1
.V 9 0 13
.V 17 13 20
.V 17 20 21
.H 5 1 9
.H 9 13 17
.end
.begin 13
.V 6 7 20
.V 6 20 21
.V 13 0 7
.H 6 7 13
.end
.begin 14
.V 6 0 5
.V 10 0 12
.V 14 12 20
.V 14 20 21
.V 15 5 20
.V 15 20 21
.V 18 0 5
.H 6 5 10
.H 15 5 18
.H 10 12 15
.end
.begin 15
.V 7 0 8
.V 14 7 8
.V 16 0 7
.H 14 7 16
.H 7 8 14
.end
.begin 16
.V 9 14 20
.V 9 20 21
.V 26 0 20
.V 26 20 21
.V 28 0 18
.V 42 18 20
.V 42 20 21
.H 26 10 28
.H 9 14 26
.H 28 18 42
.end
.begin 17
.V 11 11 20
.V 11 20 21
.V 16 11 12
.V 18 12 20
.V 18 20 21
.H 11 11 16
.H 16 12 18
.end
.begin 18
.V 17 0 4
.V 25 0 4
.V 27 0 4
.H 17 4 27
.end
.begin 19
.V 19 5 20
.V 19 20 21
.V 56 0 14
.V 67 14 20
.V 67 20 21
.V 75 0 20
.V 75 20 21
.V 93 14 18
.V 110 18 20
.V 110 20 21
.V 113 10 18
.V 118 0 10
.V 121 0 20
.V 121 20 21
.H 19 5 56
.H 113 10 121
.H 56 14 93
.H 93 18 113
.end
.begin 20
.V 21 16 20
.V 21 20 21
.V 27 11 16
.V 29 4 11
.V 38 0 11
.V 48 11 18
.V 50 18 20
.V 50 20 21
.V 57 19 20
.V 57 20 21
.V 93 19 20
.V 93 20 21
.V 94 10 19
.V 96 0 10
.V 105 0 10
.V 107 0 6
.V 134 0 6
.V 143 0 6
.V 154 0 5
.V 165 0 5
.H 29 4 38
.H 143 5 165
.H 105 6 143
.H 94 10 105
.H 27 11 29
.H 38 11 48
.H 21 16 27
.H 48 18 50
.H 50 19 94
.end
.begin 21
.V 22 7 20
.V 22 20 21
.V 23 0 7
.H 22 7 23
.end
.begin 22
.V 22 0 3
.V 42 0 3
.V 44 0 3
.H 22 3 44
.end
.begin 23
.V 23 8 20
.V 23 20 21
.V 36 0 15
.V 52 4 20
.V 52 20 21
.V 54 0 15
.V 59 15 20
.V 59 20 21
.V 91 16 20
.V 91 20 21
.V 109 0 9
.V 110 9 16
.H 52 4 54
.H 23 8 36
.H 109 9 110
.H 36 15 52
.H 54 15 59
.H 59 16 110
.end
.begin 24
.V 24 7 20
.V 24 20 21
.V 35 0 14
.V 53 14 20
.V 53 20 21
.V 60 18 20
.V 60 20 21
.V 90 4 20
.V 90 20 21
.V 98 0 4
.V 103 0 4
.V 132 0 4
.V 141 0 3
.V 145 0 3
.V 152 0 3
.V 163 0 3
.H 132 3 163
.H 90 4 132
.H 24 7 35
.H 35 14 53
.H 53 18 90
.end
.begin 25
.V 30 10 20
.V 30 20 21
.V 37 0 10
.H 30 10 37
.end
.begin 26
.V 32 0 20
.V 32 20 21
.V 34 16 20
.V 34 20 21
.H 32 16 34
.end
.begin 27
.V 37 13 20
.V 37 20 21
.V 44 6 20
.V 44 20 21
.V 60 0 15
.V 70 4 20
.V 70 20 21
.V 85 0 4
.H 70 4 85
.H 44 6 60
.H 37 13 44
.H 60 15 70
.end
.begin 28
.V 38 12 20
.V 38 20 21
.V 49 12 17
.V 66 17 20
.V 66 20 21
.H 38 12 49
.H 49 17 66
.end
.begin 29
.V 40 0 4
.V 42 4 16
.V 58 16 20
.V 58 20 21
.H 40 4 42
.H 42 16 58
.end
.begin 30
.V 43 8 20
.V 43 20 21
.V 55 7 8
.V 59 0 10
.V 64 7 20
.V 64 20 21
.V 72 0 7
.V 78 7 20
.V 78 20 21
.V 103 5 20
.V 103 20 21
.V 111 0 5
.V 124 5 20
.V 124 20 21
.V 128 0 5
.H 103 5 128
.H 55 7 59
.H 64 7 103
.H 43 8 55
.H 59 10 64
.end
.begin 31
.V 46 3 20
.V 46 20 21
.V 66 0 3
.V 70 0 3
.V 80 3 20
.V 80 20 21
.V 81 0 3
.V 83 0 3
.V 88 8 20
.V 88 20 21
.V 89 3 8
.V 90 0 3
.H 46 3 90
.H 88 8 89
.end
.begin 32
.V 51 7 20
.V 51 20 21
.V 53 0 7
.H 51 7 53
.end
.begin 33
.V 55 0 4
.V 62 2 4
.V 80 0 2
.V 82 0 2
.H 62 2 82
.H 55 4 62
.end
.begin 34
.V 61 0 9
.V 76 9 20
.V 76 20 21
.H 61 9 76
.end
.begin 35
.V 62 0 1
.V 68 0 8
.V 71 8 20
.V 71 20 21
.V 86 0 8
.H 62 1 68
.H 68 8 86
.end
.begin 36
.V 63 0 4
.V 66 4 13
.V 84 2 20
.V 84 20 21
.V 87 0 2
.H 84 2 87
.H 63 4 66
.H 66 13 84
.end
.begin 37
.V 64 0 6
.V 73 0 6
.H 64 6 73
.end
.begin 38
.V 65 10 20
.V 65 20 21
.V 69 0 10
.H 65 10 69
.end
.begin 39
.V 65 0 8
.V 67 0 11
.V 82 11 20
.V 82 20 21
.V 91 0 11
.V 96 11 20
.V 98 20 21
.V 100 20 21
.V 101 0 20
.H 65 8 67
.H 67 11 96
.H 96 20 101
.end
.begin 40
.V 69 12 20
.V 69 20 21
.V 97 12 20
.V 97 20 21
.V 99 19 20
.V 99 20 21
.H 69 12 97
.H 97 19 99
.end
.begin 41
.V 72 10 20
.V 72 20 21
.V 74 0 10
.H 72 10 74
.end
.begin 42
.V 73 15 20
.V 73 20 21
.V 114 15 20
.V 114 20 21
.V 116 18 20
.V 116 20 21
.H 73 15 114
.H 114 18 116
.end
.begin 43
.V 77 10 20
.V 77 20 21
.V 81 10 20
.V 81 20 21
.H 77 10 81
.end
.begin 44
.V 77 0 1
.V 115 1 16
.V 146 16 20
.V 146 20 21
.V 148 19 20
.V 148 20 21
.H 77 1 115
.H 115 16 146
.H 146 19 148
.end
.begin 45
.V 78 0 6
.V 92 6 20
.V 92 20 21
.H 78 6 92
.end
.begin 46
.V 83 9 20
.V 83 20 21
.V 85 9 20
.V 85 20 21
.V 92 0 3
.V 99 3 9
.V 108 9 13
.V 137 13 14
.V 145 14 20
.V 145 20 21
.V 147 0 20
.V 147 20 21
.H 92 3 99
.H 83 9 108
.H 108 13 137
.H 137 14 147
.end
.begin 47
.V 86 13 20
.V 86 20 21
.V 93 0 13
.V 100 0 19
.V 113 19 20
.V 113 20 21
.V 115 19 20
.V 115 20 21
.H 93 6 100
.H 86 13 93
.H 100 19 115
.end
.begin 48
.V 87 4 20
.V 87 20 21
.V 88 0 4
.H 87 4 88
.end
.begin 49
.V 89 0 2
.V 109 10 20
.V 109 20 21
.V 111 9 10
.V 114 2 9
.V 117 0 2
.V 122 0 20
.V 122 20 21
.H 89 2 122
.H 111 9 114
.H 109 10 111
.end
.begin 50
.V 94 0 8
.V 104 20 21
.V 106 8 20
.V 112 0 17
.V 123 2 20
.V 123 20 21
.V 127 0 2
.H 123 2 127
.H 94 8 112
.H 112 17 123
.H 104 20 106
.end
.begin 51
.V 95 14 20
.V 95 20 21
.V 104 0 14
.H 95 14 104
.end
.begin 52
.V 95 0 13
.V 105 12 13
.V 106 0 7
.V 107 7 12
.V 108 0 7
.V 132 5 7
.V 135 0 5
.V 142 0 5
.V 155 0 4
.V 166 0 4
.H 142 4 166
.H 132 5 142
.H 106 7 132
.H 105 12 107
.H 95 13 105
.end
.begin 53
.V 97 0 11
.V 118 11 20
.V 118 20 21
.H 97 11 118
.end
.begin 54
.V 105 14 20
.V 105 20 21
.V 107 14 20
.V 129 20 21
.V 131 1 20
.V 131 20 21
.V 160 0 13
.V 166 13 15
.V 167 15 20
.V 167 20 21
.H 131 1 160
.H 160 13 166
.H 105 14 107
.H 166 15 167
.H 107 20 131
.end
.begin 55
.V 108 14 20
.V 108 20 21
.V 130 0 20
.V 130 20 21
.V 134 8 20
.V 134 20 21
.V 140 0 12
.V 148 12 16
.V 152 16 20
.V 152 20 21
.V 154 20 21
.V 170 20 21
.H 134 8 140
.H 140 12 148
.H 108 14 134
.H 148 16 152
.H 152 20 170
.end
.begin 56
.V 113 0 8
.V 128 8 10
.V 132 10 20
.V 132 20 21
.H 113 8 128
.H 128 10 132
.end
.begin 57
.V 116 0 15
.V 165 15 20
.V 165 20 21
.H 116 15 165
.end
.begin 58
.V 119 18 20
.V 119 20 21
.V 153 18 20
.V 153 20 21
.V 155 18 20
.V 155 20 21
.H 119 18 155
.end
.begin 59
.V 123 0 1
.V 124 1 3
.V 127 3 11
.V 128 11 20
.V 128 20 21
.H 123 1 124
.H 124 3 127
.H 127 11 128
.end
.begin 60
.V 126 19 20
.V 126 20 21
.V 142 8 20
.V 142 20 21
.V 158 0 8
.H 142 8 158
.H 126 19 142
.end
.begin 61
.V 126 0 17
.V 171 17 20
.V 171 20 21
.H 126 17 171
.end
.begin 62
.V 127 12 20
.V 127 20 21
.V 129 2 12
.V 148 0 2
.V 159 0 19
.V 166 19 20
.V 166 20 21
.H 129 2 159
.H 127 12 129
.H 159 19 166
.end
.begin 63
.V 133 7 20
.V 133 20 21
.V 139 0 7
.V 149 0 7
.V 161 0 20
.V 161 20 21
.V 163 12 20
.V 163 20 21
.V 170 14 19
.V 172 19 20
.V 172 20 21
.H 133 7 161
.H 161 12 163
.H 163 14 170
.H 170 19 172
.end
.begin 64
.V 133 0 4
.V 141 4 13
.V 149 13 19
.V 157 19 20
.V 157 20 21
.H 133 4 141
.H 141 13 149
.H 149 19 157
.end
.begin 65
.V 135 9 20
.V 135 20 21
.V 153 0 9
.H 135 9 153
.end
.begin 66
.V 137 20 21
.V 139 20 21
.H 137 20 139
.end
.begin 67
.V 137 0 10
.V 152 6 10
.V 164 2 6
.V 167 0 13
.V 168 13 15
.V 169 15 20
.V 169 20 21
.H 164 2 167
.H 152 6 164
.H 137 10 152
.H 167 13 168
.H 168 15 169
.end
.begin 68
.V 138 0 20
.V 138 20 21
.V 140 13 20
.V 140 20 21
.V 143 11 20
.V 143 20 21
.V 145 6 11
.V 150 0 14
.V 153 14 16
.V 172 16 18
.V 173 18 20
.V 173 20 21
.H 145 6 150
.H 143 11 145
.H 138 13 140
.H 150 14 153
.H 153 16 172
.H 172 18 173
.H 140 20 143
.end
.begin 69
.V 144 0 20
.V 150 20 21
.H 144 20 150
.end
.begin 70
.V 157 0 18
.V 168 18 20
.V 168 20 21
.H 157 18 168
.end
.begin 71
.V 158 9 20
.V 158 20 21
.V 162 1 9
.V 164 0 1
.H 162 1 164
.H 158 9 162
.end
.begin 72
.V 160 14 20
.V 160 20 21
.V 162 14 20
.V 162 20 21
.H 160 14 162
.end
