C0 3566 2992 1
C1 3529 2992 0
C2 2414 352 1
C3 1842 528 0
C4 2837 704 1
C5 1539 0 1
C6 3798 0 0
C7 2959 176 0
C8 1405 0 1
C9 1877 352 1
C10 876 528 0
C11 2274 528 0
C12 2589 528 0
C13 2217 176 0
C14 2325 528 0
C15 1475 0 0
C16 1588 0 0
C17 2789 528 0
C18 2647 704 0
C19 2155 176 1
C20 2376 528 0
C21 3171 1056 0
C22 2454 1408 0
C23 5768 0 1
C24 2959 0 0
C25 3071 352 0
C26 26 0 1
C27 1380 528 1
C28 5001 0 1
C29 3281 880 1
C30 3322 528 0
C31 2591 1056 1
C32 944 0 0
C33 3444 704 1
C34 431 0 1
C35 909 352 0
C36 3813 176 0
C37 2484 1408 1
C38 2165 1232 0
C39 2633 528 1
C40 1495 352 0
C41 2128 1232 1
C42 2959 0 1
C43 2898 352 1
C44 1752 0 0
C45 1590 0 1
C46 2390 352 0
C47 2372 1936 1
C48 2324 704 0
C49 3531 528 1
C50 1227 528 1
C51 2274 528 1
C52 2274 704 1
C53 1117 528 0
C54 2275 352 1
C55 3964 0 0
C56 2959 176 1
C57 2651 880 1
C58 1772 528 1
C59 1278 528 1
C60 651 0 0
C61 698 528 0
C62 2486 352 1
C63 1960 528 0
C64 2106 0 1
C65 2387 528 1
C66 2538 528 0
C67 2380 704 0
C68 1952 528 1
C69 3437 352 1
C70 3100 528 0
C71 3139 176 1
C72 2433 1056 0
C73 1674 528 0
C74 2274 1056 0
C75 2718 352 1
C76 1828 704 1
C77 2274 880 1
C78 2277 352 0
C79 4298 0 0
C80 755 352 0
C81 485 704 0
C82 3568 352 0
C83 1329 528 1
C84 1639 0 0
C85 6447 4048 0
C86 6966 528 1
C87 6019 3168 1
C88 2599 352 1
C89 3451 0 0
C90 6457 0 1
C91 8418 3168 0
C92 2815 2992 0
C93 1467 3696 1
C94 1693 2992 0
C95 2713 2640 0
C96 1638 3344 0
C97 2203 2464 0
C98 1834 2640 0
C99 2132 2112 1
C100 2020 2112 0
C101 4470 5808 1
C102 4615 6512 1
C103 4660 3696 1
C104 1357 4224 1
C105 1898 2640 1
C106 7478 3520 0
C107 5415 2112 1
C108 1896 1760 1
C109 8251 5104 1
C110 8248 5104 0
C111 1318 3696 0
C112 1588 4048 1
C113 1415 2464 1
C114 5135 5280 1
C115 7597 3872 0
C116 1932 6336 1
C117 4868 5280 0
C118 2606 2816 0
C119 8286 4400 1
C120 8178 5104 0
C121 6269 4224 0
C122 8256 2112 1
C123 2728 4928 1
C124 2210 5456 1
C125 1616 2112 0
C126 8237 4224 0
C127 4201 5280 1
C128 7946 5280 1
C129 7963 2112 0
C130 2531 2464 0
C131 2326 6336 0
C132 8102 2288 0
C133 2014 2640 1
C134 2689 4928 0
C135 2553 2464 1
C136 2553 5808 0
C137 4469 5456 0
C138 3878 5280 0
C139 1386 2640 1
C140 7661 3696 1
C141 8580 2112 0
C142 2183 5632 0
C143 7926 1760 1
C144 1428 3344 0
C145 7667 3520 0
C146 1281 3696 1
C147 5437 2112 0
C148 6873 4048 0
C149 6195 4048 0
C150 2213 2288 0
C151 4910 2288 0
C152 7518 3696 0
C153 7086 3696 0
C154 7325 3520 0
C155 8064 2816 1
C156 2137 6336 1
C157 8969 2112 1
C158 1839 2464 1
C159 1380 2816 0
C160 5522 2112 1
C161 8694 5280 0
C162 8923 2112 0
C163 6969 3872 1
C164 8256 4928 0
C165 8112 2112 0
C166 2341 2640 0
C167 5948 2288 1
C168 2039 1408 0
C169 1430 3872 0
C170 6751 4048 1
C171 7700 3344 0
C172 8152 1584 1
C173 8223 1584 1
C174 5314 1760 0
C175 6048 4048 1
C176 4918 5280 0
C177 5948 2288 0
C178 5175 1760 0
C179 6969 3696 1
C180 6156 3520 0
C181 6099 3872 0
C182 6265 3520 1
C183 6264 4048 0
C184 8082 2288 1
C185 2661 5808 1
C186 8093 1760 0
C187 6817 4048 1
C188 7822 2640 1
C189 2472 5808 1
C190 2236 5808 0
C191 4270 5280 1
C192 2461 6336 1
C193 1668 3696 1
C194 4418 5456 0
C195 3824 5280 0
C196 2287 2816 0
C197 2127 1584 1
C198 5014 1936 1
C199 2467 5456 0
C200 1913 2464 1
C201 1738 2112 0
C202 2281 2288 1
C203 2166 6160 1
C204 1623 2288 0
C205 1556 2288 0
C206 7579 3520 1
C207 7569 3696 1
C208 8254 3872 1
C209 7112 3872 0
C210 7232 3520 1
C211 7230 3344 0
C212 7302 3344 0
C213 6577 2464 1
C214 6740 2112 0
C215 3687 5456 1
C216 6627 2464 0
C217 1427 2992 0
C218 7016 3872 0
C219 1600 2288 1
C220 7693 2288 0
C221 8156 5104 1
C222 6969 3872 0
C223 3951 5808 0
C224 1703 2464 0
C225 1870 2464 0
C226 1885 6336 0
C227 1335 2816 1
C228 4347 6160 1
C229 7688 2288 1
C230 1481 3872 0
C231 7596 3520 0
C232 5384 1760 1
C233 1504 2288 1
C234 1713 2992 1
C235 4177 5280 0
C236 4272 5280 0
C237 1749 4400 0
C238 1577 3872 0
C239 2492 5280 1
C240 2651 2464 1
C241 6507 4224 0
C242 7330 3520 1
C243 2001 6336 1
C244 2315 5280 0
C245 6504 2288 1
C246 8364 2112 0
C247 8169 4400 1
C248 2137 2112 0
C249 2367 2464 1
C250 2187 6336 0
C251 4798 5984 1
C252 1268 2992 0
C253 2657 5456 0
C254 2715 5808 0
C255 4893 2112 1
C256 3824 5456 0
C257 3734 5456 1
C258 2354 5632 0
C259 2541 5456 1
C260 2404 5456 1
C261 1789 2112 0
C262 8304 3872 0
C263 2414 2464 0
C264 7961 5632 1
C265 8623 2288 0
C266 8222 4400 0
C267 1365 3696 0
C268 8134 4048 1
C269 8056 4752 1
C270 7540 3344 1
C271 7907 2288 1
C272 8315 2112 1
C273 1903 2640 0
C274 7891 1936 1
C275 2222 4752 1
C276 1478 3520 1
C277 7648 3872 0
C278 1909 5808 1
C279 8035 3344 0
C280 2563 5456 0
C281 1571 1936 1
C282 2177 2640 0
C283 7867 5632 0
C284 4819 5280 1
C285 8113 3696 1
C286 8169 4928 0
C287 8054 5280 0
C288 2170 5808 1
C289 4768 1936 1
C290 1557 3168 1
C291 1658 3168 1
C292 1350 3696 1
C293 8697 1760 0
C294 7705 2112 0
C295 8083 2112 1
C296 8222 4928 1
C297 4413 4576 0
C298 7771 1408 1
C299 5627 3168 0
C300 6555 2288 0
C301 1145 3696 0
C302 5509 1584 0
C303 8333 4400 1
C304 8061 3520 0
C305 2449 4928 1
C306 1439 2288 0
C307 3676 5280 0
C308 8161 5632 1
C309 1529 3520 0
C310 2507 4752 0
C311 6993 2288 1
C312 6099 3872 1
C313 6922 2112 0
C314 8258 1936 1
C315 7096 3520 1
C316 2614 5456 1
C317 8295 5104 0
C318 2583 1760 0
C319 4169 4928 1
C320 2232 5104 0
C321 2389 5104 1
C322 5124 5984 0
C323 4622 5632 0
C324 4756 5104 0
C325 4116 5456 1
C326 3607 5280 1
C327 8451 1936 1
C328 2785 4928 0
C329 2233 6336 1
C330 7027 4048 0
C331 2356 2816 0
C332 7919 3168 0
C333 8012 5456 0
C334 7990 4928 0
C335 7896 5104 1
C336 2355 5456 0
C337 2341 5808 0
C338 2376 5808 1
C339 7108 3872 1
C340 2528 6160 0
C341 2287 5808 1
C342 1471 2992 1
C343 8059 2112 0
C344 1279 2464 1
C345 1228 2464 0
C346 8015 5808 1
C347 8242 4224 1
C348 1238 3168 0
C349 3872 5632 1
C350 8379 2288 1
C351 5840 4224 1
C352 4458 5104 1
C353 2324 2112 0
C354 2596 2640 1
C355 5627 3168 1
C356 5900 3168 0
C357 1616 3344 1
C358 6969 3696 0
C359 1377 4400 0
C360 8175 4928 1
C361 4331 5808 0
C362 6307 4224 1
C363 7708 3696 1
C364 7643 4048 1
C365 1509 3872 1
C366 1755 3696 1
C367 1728 3520 1
C368 6746 2288 1
C369 7838 2288 0
C370 1289 3872 0
C371 2182 2464 1
C372 2100 2816 1
C373 1973 2816 1
C374 1844 5632 0
C375 6424 4224 1
C376 1238 3344 1
C377 2627 5632 1
C378 6955 4048 0
C379 7657 3696 0
C380 2020 2640 0
C381 2662 6160 1
C382 8119 4400 1
C383 5014 5280 0
C384 6436 2288 0
C385 6367 4224 0
C386 8090 1760 1
C387 5132 1936 1
C388 7347 3872 0
C389 5024 5984 1
C390 1923 5808 0
C391 8230 4576 1
C392 2372 4928 0
C393 8383 4048 1
C394 8236 4576 0
C395 8171 2288 1
C396 5824 2112 1
C397 6105 2288 1
C398 6101 4224 1
C399 8237 1760 0
C400 1996 2464 1
C401 1934 2816 0
C402 2136 2464 0
C403 8215 4752 1
C404 7768 1408 0
C405 4586 3168 1
C406 1238 3344 0
C407 8723 1936 0
C408 2589 5808 1
C409 8425 1584 1
C410 8014 2112 1
C411 8320 5104 1
C412 8000 4576 1
C413 8654 2112 1
C414 4671 5808 0
C415 1547 3696 0
C416 5812 3168 1
C417 8554 5280 0
C418 1597 2992 1
C419 1623 2816 0
C420 7473 3872 1
C421 1551 2464 0
C422 1433 2640 1
C423 1997 2464 0
C424 2437 2464 1
C425 2572 2992 1
C426 7336 3696 0
C427 7480 2288 1
C428 7500 2288 0
C429 7616 2288 1
C430 2362 2816 1
C431 6109 2288 0
C432 3820 5632 0
C433 6694 2464 1
C434 2296 5280 1
C435 4384 5456 1
C436 4274 5808 1
C437 4499 2816 0
C438 4576 3344 1
C439 7961 1760 0
C440 7998 1408 0
C441 1673 3168 0
C442 2543 4576 0
C443 7522 3696 1
C444 2291 5808 0
C445 4522 6336 0
C446 4201 6336 0
C447 6286 5632 0
C448 5810 5632 1
C449 3329 6160 1
C450 10039 3168 0
C451 9338 3344 1
C452 1272 4928 0
C453 911 4928 0
C454 1131 4928 1
C455 934 5808 1
C456 3004 2288 1
C457 7059 528 0
C458 9468 5104 1
C459 9623 4224 0
C460 9557 4928 1
C461 9569 4400 0
C462 3023 6160 1
C463 2865 5456 1
C464 9487 4224 1
C465 9858 4400 1
C466 3285 4224 0
C467 5987 5280 0
C468 6002 5632 1
C469 2910 4576 0
C470 2773 4576 1
C471 2559 4224 0
C472 1609 4400 0
C473 4145 5808 0
C474 4657 5984 1
C475 1725 4400 1
C476 1376 5632 0
C477 9355 3872 0
C478 9115 4224 1
C479 2610 4224 1
C480 1850 3520 1
C481 6517 5280 0
C482 9406 4224 0
C483 6074 5104 0
C484 6413 5104 0
C485 9644 2992 1
C486 9457 3168 1
C487 2222 1760 0
C488 9595 4928 0
C489 8889 4048 1
C490 9553 3168 1
C491 10059 3344 0
C492 2948 5984 0
C493 5899 5104 0
C494 5900 5280 1
C495 5842 5808 0
C496 3449 3520 1
C497 10079 2640 1
C498 5940 5280 0
C499 9110 4400 0
C500 1792 5280 0
C501 3980 6160 1
C502 5996 5280 1
C503 2648 1760 1
C504 2804 1936 0
C505 9650 5280 0
C506 7726 1056 0
C507 1931 4928 1
C508 2706 3696 0
C509 1499 4752 1
C510 2387 3872 0
C511 10032 3696 1
C512 2370 1584 0
C513 8184 880 0
C514 2703 2288 0
C515 2726 2112 1
C516 3092 6160 1
C517 10128 3696 1
C518 8557 3696 1
C519 7243 1584 1
C520 4015 6336 1
C521 2465 3872 1
C522 5605 6160 0
C523 3444 6336 1
C524 10125 4224 0
C525 10011 4048 1
C526 5355 1056 0
C527 3515 5984 0
C528 4132 6336 1
C529 4342 6336 1
C530 7109 1408 0
C531 6520 5104 1
C532 3248 5632 0
C533 8922 3168 1
C534 5264 5984 0
C535 3972 5984 0
C536 2250 1760 1
C537 2346 1760 1
C538 1852 2288 1
C539 10084 3872 0
C540 3571 4400 1
C541 6403 5104 1
C542 1736 4928 0
C543 3421 4400 0
C544 6234 5104 0
C545 2545 1760 1
C546 8190 880 1
C547 10083 4400 1
C548 4505 6336 1
C549 8985 4048 1
C550 2489 1760 0
C551 2727 2288 1
C552 2494 1760 1
C553 3504 5808 0
C554 3522 3696 0
C555 9927 4048 0
C556 9517 3696 0
C557 9206 4400 0
C558 9206 4224 1
C559 9550 4048 1
C560 8943 5280 0
C561 4214 5808 0
C562 5457 6160 1
C563 2207 4576 1
C564 9375 2992 1
C565 9192 2992 1
C566 10103 2816 0
C567 5402 5984 1
C568 2202 4048 1
C569 2125 4224 0
C570 9579 4576 0
C571 9875 4400 0
C572 2240 3696 1
C573 5788 4928 0
C574 5720 5632 0
C575 9927 3344 1
C576 3017 5984 0
C577 9811 3344 0
C578 1433 5104 0
C579 1316 5104 0
C580 9366 4224 1
C581 1682 5104 1
C582 1670 4928 1
C583 4414 6336 1
C584 1066 4048 1
C585 3174 4400 0
C586 3356 4224 0
C587 9454 4400 0
C588 2278 3520 0
C589 2178 3696 0
C590 6188 4752 1
C591 2897 5808 1
C592 9390 3344 0
C593 2832 5808 0
C594 2961 3520 1
C595 3154 4400 1
C596 10083 4576 0
C597 9650 5808 0
C598 3706 4400 0
C599 2552 4048 0
C600 3221 3696 0
C601 1379 5456 0
C602 2336 3696 0
C603 2269 1936 1
C604 7829 1232 0
C605 2695 1936 0
C606 7768 880 1
C607 1708 5632 0
C608 9365 4048 1
C609 3031 3344 0
C610 1551 4224 1
C611 767 4576 0
C612 7305 1232 1
C613 736 4048 0
C614 9532 4400 1
C615 9068 3872 0
C616 9563 3344 1
C617 2695 1760 1
C618 6289 4752 0
C619 2960 1936 0
C620 8512 4576 0
C621 8253 880 0
C622 4456 6160 0
C623 9266 3168 0
C624 4085 5984 1
C625 6409 1584 1
C626 3644 5808 0
C627 6323 1408 0
C628 2669 4048 0
C629 9229 4928 0
C630 10059 3872 1
C631 6453 5104 1
C632 7724 880 0
C633 4194 5632 0
C634 5630 5104 1
C635 994 4048 1
C636 9550 4224 0
C637 9148 3168 0
C638 9477 4928 0
C639 2254 6336 0
C640 6106 5808 0
C641 3294 4400 1
C642 9351 4576 1
C643 6874 6512 1
C644 6463 5104 0
C645 1220 5104 0
C646 6083 5632 0
C647 2580 4048 1
C648 4003 5808 1
C649 4180 5984 1
C650 3651 4576 0
C651 2992 6512 1
C652 936 4224 0
C653 9487 4576 0
C654 9508 4752 1
C655 10009 2992 1
C656 9499 4048 0
C657 2021 4928 1
C658 2977 1760 1
C659 6466 1408 0
C660 3842 5984 0
C661 6137 5104 1
C662 10059 3520 1
C663 2780 4400 1
C664 5161 1232 0
C665 5149 1760 1
C666 9225 4928 1
C667 9834 4576 0
C668 1420 5104 1
C669 1392 4928 1
C670 1709 5456 1
C671 1081 5984 1
C672 5480 1408 0
C673 8878 5984 1
C674 9812 2992 0
C675 10104 2288 0
C676 3766 6336 1
C677 6312 1056 1
C678 3128 6864 0
C679 3103 2992 1
C680 2017 5632 0
C681 7984 1232 1
C682 7000 1584 0
C683 833 4576 1
C684 6206 5456 0
C685 989 4400 0
C686 9591 4752 0
C687 1641 4752 0
C688 3613 6160 1
C689 6443 1584 0
C690 7873 1056 1
C691 9199 5104 1
C692 9415 4224 1
C693 2781 3344 0
C694 7631 1056 1
C695 3015 5808 1
C696 2919 5984 1
C697 5730 5984 0
C698 4025 6336 0
C699 3595 3520 1
C700 10103 3520 0
C701 2615 3520 1
C702 2787 3696 0
C703 3398 5984 1
C704 4104 6512 0
C705 999 4048 0
C706 8276 704 0
C707 4826 1584 1
C708 4623 1584 1
C709 7655 1056 0
C710 2740 3872 0
C711 6367 5984 1
C712 4890 5984 1
C713 9093 3168 1
C714 7018 1056 0
C715 5050 1760 0
C716 6196 1232 0
C717 5847 5808 1
C718 5627 5984 0
C719 5522 1584 1
C720 1316 4048 1
C721 2083 4928 0
C722 9578 4576 1
C723 1189 5104 1
C724 1080 4928 0
C725 1525 5280 0
C726 827 4224 0
C727 9901 3872 0
C728 9271 3872 1
C729 9520 3872 1
C730 5761 5280 0
C731 5568 1232 1
C732 7538 1056 0
C733 9616 4048 0
C734 9474 4752 0
C735 9211 4576 1
C736 2930 6336 0
C737 3754 5808 1
C738 3450 6160 0
C739 9282 2464 1
C740 3280 6512 1
C741 9458 3696 1
C742 9579 4224 1
C743 5846 880 0
C744 9477 4224 0
C745 4681 6864 1
C746 2454 1584 0
C747 9446 3696 0
C748 9402 3168 0
C749 2697 4048 1
C750 9852 3696 1
C751 5385 6336 0
C752 10057 4224 1
C753 10102 4048 1
C754 1087 4576 0
C755 1224 4048 0
C756 10035 4400 0
C757 8921 3872 0
C758 937 4752 1
C759 9266 3696 0
C760 9214 3872 0
C761 9055 5632 0
C762 2594 5632 0
C763 3014 5984 1
C764 3333 6160 0
C765 6274 6336 0
C766 1476 4400 1
C767 1845 5456 1
C768 3357 3520 1
C769 3214 4224 0
C770 2810 4400 0
C771 3768 5808 0
C772 5841 5456 1
C773 4752 1584 1
C774 4955 5280 1
C775 2972 1936 1
C776 2438 1936 0
C777 5707 5808 1
C778 1469 4400 0
C779 6167 5632 1
C780 3096 5984 1
C781 1947 4928 0
C782 7680 1408 1
C783 2369 6336 1
C784 3253 5808 1
C785 2475 4048 0
C786 3146 3872 0
C787 4079 6160 0
C788 1590 5632 0
C789 7120 1584 1
C790 1513 4928 1
C791 5485 5280 1
C792 3248 3520 1
C793 3737 6512 1
C794 6098 5632 1
C795 5666 5280 0
C796 3234 4224 1
C797 3143 4224 0
C798 4415 1056 1
C799 5895 1408 0
C800 2357 2112 1
C801 1522 4928 0
C802 5707 5456 1
C803 3908 6336 0
C804 9393 4400 1
C805 8054 880 1
C806 2109 5104 0
C807 751 4928 1
C808 3122 4752 0
C809 6423 5632 1
C810 10039 4752 1
C811 9318 3696 1
C812 6384 1056 1
C813 8623 4400 0
C814 6226 1056 0
C815 3986 4928 1
C816 10036 3696 0
C817 2971 4224 1
C818 7303 1584 0
C819 3525 5808 1
C820 3263 4752 0
C821 1882 5104 1
C822 10125 2992 1
C823 7245 2112 0
C824 7232 1584 0
C825 1443 4224 0
C826 6149 1056 1
C827 3516 5456 0
C828 7392 1408 0
C829 9831 2816 0
C830 10007 2112 1
C831 10039 4576 1
C832 5375 1584 0
C833 5426 1408 1
C834 5408 1408 0
C835 9106 5104 0
C836 9159 4752 1
C837 7096 1584 0
C838 7070 1584 1
C839 8787 3696 0
C840 1452 5280 1
C841 3141 5104 1
C842 1481 5456 1
C843 8099 6336 1
C844 8004 2640 0
C845 7794 2816 0
C846 8711 4048 0
C847 8846 4224 1
C848 6869 2464 0
C849 5752 1936 1
C850 7988 3872 0
C851 7920 3168 1
C852 8306 4224 0
C853 8291 4048 0
C854 8484 4224 1
C855 1882 5280 1
C856 3490 4752 1
C857 4960 528 1
C858 696 5632 0
C859 9899 2288 1
C860 2851 2640 1
C861 3280 2992 0
C862 2798 6160 1
C863 5878 6336 0
C864 8790 4224 0
C865 6361 4752 0
C866 7898 4400 1
C867 3615 3520 0
C868 3103 5456 0
C869 2766 1056 0
C870 4310 4752 1
C871 9944 1584 1
C872 8567 880 1
C873 9251 1584 0
C874 1380 6512 1
C875 8077 3344 1
C876 8138 3520 1
C877 1914 3168 1
C878 9898 2112 0
C879 2020 4752 0
C880 10039 5632 0
C881 8479 5984 1
C882 4402 6512 0
C883 5095 176 1
C884 4391 1056 0
C885 8567 6336 1
C886 3816 1936 1
C887 4234 1936 1
C888 6016 7040 1
C889 3076 6688 1
C890 5374 4752 0
C891 4954 1760 1
C892 2057 1760 0
C893 3321 5104 0
C894 8356 1584 0
C895 4958 1408 1
C896 3251 4752 1
C897 3431 5280 0
C898 5364 5104 0
C899 3766 1408 0
C900 8884 2112 1
C901 6507 2288 0
C902 3314 5280 0
C903 2135 3696 1
C904 5239 1584 0
C905 5267 1584 1
C906 6915 1936 0
C907 10106 5984 1
C908 3058 2640 1
C909 4565 3168 0
C910 3031 1584 1
C911 2436 5808 0
C912 9650 5456 0
C913 5858 4752 0
C914 4232 704 1
C915 3365 1584 1
C916 8402 5280 0
C917 5003 1760 0
C918 8281 2816 1
C919 5332 6160 0
C920 9877 2288 0
C921 10125 1056 0
C922 8931 1760 1
C923 8171 3344 0
C924 6789 1232 0
C925 7589 3872 1
C926 3194 2112 0
C927 6168 4224 1
C928 6413 4400 0
C929 3963 4576 0
C930 7643 4400 0
C931 6432 2288 1
C932 3849 0 1
C933 8392 3696 0
C934 6876 4224 1
C935 3084 5280 0
C936 3056 5104 1
C937 8860 3520 0
C938 8919 3696 1
C939 7671 3168 1
C940 5540 4928 1
C941 5382 1584 1
C942 8940 4224 1
C943 2674 6160 0
C944 2455 880 1
C945 7870 3344 1
C946 7465 2992 0
C947 3424 2640 1
C948 3816 2464 0
C949 3635 2992 1
C950 1208 7568 1
C951 3269 2464 0
C952 3453 2640 0
C953 1153 6864 1
C954 7643 4048 0
C955 7759 5808 0
C956 8053 5984 1
C957 8748 704 0
C958 2141 4048 0
C959 1833 5632 1
C960 4465 5280 1
C961 2524 3168 0
C962 2042 3696 1
C963 8850 4400 0
C964 2582 880 1
C965 6558 1408 1
C966 5291 1760 1
C967 1096 5808 0
C968 5709 2288 1
C969 4033 4752 0
C970 3331 1584 0
C971 5707 2112 1
C972 6599 4224 0
C973 4814 1760 1
C974 5251 5104 0
C975 3868 4928 1
C976 4524 5280 0
C977 7517 2112 0
C978 6029 1232 1
C979 5374 4576 1
C980 2622 5808 0
C981 5062 2288 0
C982 5378 1056 1
C983 3857 1408 0
C984 4624 352 1
C985 4564 528 1
C986 3635 528 1
C987 5041 1584 0
C988 2297 1056 1
C989 2324 880 0
C990 7564 1584 1
C991 8263 1584 0
C992 8779 2112 1
C993 6596 4576 0
C994 5210 2464 0
C995 8129 3872 1
C996 8633 704 1
C997 4563 352 0
C998 3646 4928 0
C999 4638 0 1
C1000 8745 2816 0
C1001 2905 3344 1
C1002 4123 4048 1
C1003 3141 4576 0
C1004 7718 1584 0
C1005 2868 4928 1
C1006 8630 3344 0
C1007 4837 1936 1
C1008 1531 5808 0
C1009 2028 4400 1
C1010 8787 704 1
C1011 3408 1408 0
C1012 2461 6160 1
C1013 1398 6336 0
C1014 5750 5104 1
C1015 5468 4752 1
C1016 7519 4576 0
C1017 8171 3344 1
C1018 2471 3872 0
C1019 5878 4576 1
C1020 5947 4752 1
C1021 2884 2288 0
C1022 6429 4928 0
C1023 3721 2640 1
C1024 1246 2288 1
C1025 1308 1936 1
C1026 7013 1408 1
C1027 1607 1936 0
C1028 8686 4752 1
C1029 2038 5456 1
C1030 9891 1408 1
C1031 9717 1584 1
C1032 7873 6688 1
C1033 1988 1408 1
C1034 5816 1056 0
C1035 5345 704 1
C1036 3865 2640 1
C1037 4049 2640 1
C1038 3874 5456 1
C1039 3540 3344 0
C1040 9232 7392 1
C1041 8663 4928 1
C1042 7979 1584 1
C1043 4107 1408 0
C1044 4453 2112 1
C1045 8866 4752 1
C1046 8209 1232 0
C1047 6183 6512 1
C1048 2235 3344 1
C1049 8865 4928 1
C1050 8089 4048 0
C1051 6790 4752 1
C1052 5414 5104 0
C1053 8374 5632 0
C1054 3673 1584 1
C1055 5374 4928 1
C1056 8713 3520 1
C1057 2185 4576 0
C1058 2949 5456 0
C1059 8391 2992 1
C1060 8204 3696 0
C1061 8669 3696 0
C1062 8692 2288 1
C1063 5666 2112 0
C1064 3387 4576 1
C1065 8586 3168 1
C1066 5335 2288 1
C1067 4053 528 1
C1068 8148 6336 0
C1069 7523 4928 1
C1070 6103 528 1
C1071 5195 1936 0
C1072 8091 3696 0
C1073 7976 4048 0
C1074 8397 1056 0
C1075 1775 4752 1
C1076 1834 4928 0
C1077 6815 1584 1
C1078 8782 3872 0
C1079 8898 1584 0
C1080 8711 5808 0
C1081 8316 2464 0
C1082 8444 2464 1
C1083 2056 3872 1
C1084 3449 1584 0
C1085 3272 2640 1
C1086 3274 4576 1
C1087 1905 2112 0
C1088 1748 1760 1
C1089 1761 6336 1
C1090 6496 4576 0
C1091 2842 5104 0
C1092 3756 4576 1
C1093 3827 4576 0
C1094 1743 3168 0
C1095 8943 4400 0
C1096 3814 6688 1
C1097 3735 6160 1
C1098 2150 2816 1
C1099 2114 2816 0
C1100 2852 880 1
C1101 7224 3872 1
C1102 8091 2464 1
C1103 1921 1760 0
C1104 1950 5456 0
C1105 4855 1584 0
C1106 6146 1408 1
C1107 6606 1408 0
C1108 6895 1584 1
C1109 8760 5104 0
C1110 8779 5104 1
C1111 8747 5280 1
C1112 3173 2640 1
C1113 3113 2288 0
C1114 5787 4752 0
C1115 10103 5456 0
C1116 3046 2816 1
C1117 2113 4400 0
C1118 2241 3872 0
C1119 1881 6336 1
C1120 8273 6160 1
C1121 1593 2112 1
C1122 3022 1408 1
C1123 7198 2112 0
C1124 10075 6336 1
C1125 7976 4048 1
C1126 5591 6864 0
C1127 9074 1584 1
C1128 5093 5104 0
C1129 3257 2640 0
C1130 2813 5456 0
C1131 4334 528 1
C1132 4064 1232 1
C1133 4421 880 1
C1134 9650 5280 1
C1135 4636 5280 1
C1136 1238 3168 1
C1137 7844 1936 1
C1138 5859 1584 1
C1139 7976 3872 1
C1140 6356 4576 1
C1141 2564 6336 0
C1142 3835 1232 1
C1143 5789 4928 1
C1144 2629 5104 1
C1145 2304 4400 1
C1146 3340 2464 1
C1147 3455 3344 1
C1148 543 2288 1
C1149 9127 1760 1
C1150 2042 5104 1
C1151 3666 4752 1
C1152 8247 1408 0
C1153 5717 4752 1
C1154 4104 528 1
C1155 4205 880 1
C1156 9895 4928 1
C1157 2513 1584 1
C1158 2101 1584 0
C1159 7609 3344 0
C1160 10124 1584 1
C1161 10106 1584 0
C1162 8916 4400 1
C1163 5801 5984 0
C1164 5654 6512 0
C1165 7422 4752 0
C1166 7703 4400 1
C1167 7693 4400 0
C1168 7203 6160 1
C1169 8422 1760 0
C1170 8423 3696 1
C1171 1205 3520 1
C1172 7356 1584 1
C1173 7510 1584 0
C1174 5849 3520 0
C1175 4491 5808 0
C1176 3277 5808 0
C1177 4331 6864 1
C1178 8526 5104 0
C1179 2847 5104 1
C1180 8242 2992 1
C1181 2270 3520 1
C1182 8527 5808 0
C1183 4331 5632 1
C1184 2882 5632 0
C1185 3347 4576 0
C1186 1741 5984 0
C1187 1778 5456 0
C1188 4402 5808 0
C1189 5396 704 0
C1190 5667 1936 0
C1191 7708 2992 1
C1192 6000 1056 0
C1193 5773 2288 0
C1194 7064 2288 1
C1195 7405 1056 1
C1196 3483 5104 1
C1197 4089 6512 1
C1198 2000 6160 1
C1199 1700 6512 1
C1200 2411 6512 0
C1201 7900 3520 1
C1202 9148 3696 0
C1203 8373 3520 0
C1204 8401 4048 0
C1205 2473 3168 0
C1206 2422 3168 0
C1207 8590 6512 0
C1208 8523 7216 1
C1209 6245 4928 0
C1210 9945 5456 1
C1211 8315 5984 0
C1212 5493 4752 0
C1213 5467 4928 1
C1214 5628 4928 0
C1215 8520 2464 1
C1216 6239 4576 1
C1217 6145 4048 0
C1218 2634 3696 1
C1219 8687 4048 1
C1220 8273 1056 1
C1221 6615 4576 1
C1222 2797 5808 1
C1223 8739 3696 1
C1224 5492 4928 0
C1225 2288 3344 0
C1226 2011 3520 1
C1227 6008 4048 0
C1228 3096 2640 0
C1229 8872 2288 0
C1230 8578 5808 0
C1231 1773 2112 1
C1232 7863 2992 0
C1233 3191 176 0
C1234 3089 2464 0
C1235 3275 1760 0
C1236 3769 4928 0
C1237 1958 4048 1
C1238 4615 6864 0
C1239 5839 5984 1
C1240 3680 2640 0
C1241 8260 5632 0
C1242 7437 3168 0
C1243 6812 1408 0
C1244 6710 1760 0
C1245 6486 1408 1
C1246 6583 1584 1
C1247 3037 4752 1
C1248 2176 6160 0
C1249 8754 6160 0
C1250 8902 4048 0
C1251 7277 6688 1
C1252 4053 6688 0
C1253 7062 2112 1
C1254 4319 4752 0
C1255 5889 2464 0
C1256 3412 5280 1
C1257 7636 1584 1
C1258 8568 1936 1
C1259 1943 3872 0
C1260 2434 2992 1
C1261 3036 5280 1
C1262 7844 2992 1
C1263 5987 1056 1
C1264 5627 2816 1
C1265 9205 5984 1
C1266 8925 1584 1
C1267 3811 1584 1
C1268 1839 4048 0
C1269 4065 704 1
C1270 7192 1584 1
C1271 8467 5632 0
C1272 8902 5104 1
C1273 2715 880 0
C1274 5525 5104 1
C1275 6196 4752 0
C1276 5374 4928 0
C1277 6737 4224 0
C1278 2707 3168 0
C1279 8332 2464 1
C1280 3280 1760 1
C1281 8894 2288 1
C1282 8574 3344 1
C1283 5407 5104 1
C1284 10079 2288 1
C1285 4258 6688 1
C1286 6932 2288 0
C1287 1531 5808 1
C1288 5707 5456 0
C1289 2695 2464 0
C1290 5520 1760 0
C1291 3844 3168 0
C1292 4775 704 0
C1293 6058 1584 1
C1294 6390 5280 1
C1295 4708 5104 1
C1296 2340 4752 1
C1297 2582 3872 1
C1298 2972 1760 0
C1299 5133 2288 0
C1300 4679 1760 0
C1301 4109 880 1
C1302 5251 5280 1
C1303 4270 1584 1
C1304 4103 1584 1
C1305 2864 2112 1
C1306 7225 1408 1
C1307 5191 5984 1
C1308 8714 5456 0
C1309 1466 2816 1
C1310 6176 4400 1
C1311 6436 4752 1
C1312 7674 5984 0
C1313 8008 6336 0
C1314 8288 5984 1
C1315 6235 4576 0
C1316 5707 5808 0
C1317 3076 1936 0
C1318 3376 5456 1
C1319 5672 4576 0
C1320 6941 4048 1
C1321 6778 4576 0
C1322 1604 4576 0
C1323 6188 4576 1
C1324 3752 6160 0
C1325 6188 4576 0
C1326 5448 7568 0
C1327 5259 6512 1
C1328 3737 6688 0
C1329 1025 4752 0
C1330 1778 4048 1
C1331 2957 2464 1
C1332 9948 4928 0
C1333 5370 2464 0
C1334 2960 2640 0
C1335 8860 4752 0
C1336 2075 4400 1
C1337 3846 4400 0
C1338 1859 1936 0
C1339 8819 704 0
C1340 8706 1056 0
C1341 4196 2288 1
C1342 4550 7040 1
C1343 2130 4048 1
C1344 8204 704 1
C1345 2103 3696 0
C1346 3200 4752 1
C1347 7058 2112 0
C1348 4683 6336 0
C1349 4760 5984 0
C1350 2881 4928 0
C1351 8543 6336 0
C1352 8350 6336 0
C1353 8603 6160 0
C1354 4032 6688 1
C1355 3977 6512 0
C1356 4365 6512 1
C1357 8871 3168 0
C1358 6135 7216 0
C1359 9279 6160 1
C1360 8840 5984 0
C1361 8377 2640 1
C1362 2234 3168 1
C1363 10035 4752 0
C1364 8880 7744 0
C1365 5374 4752 1
C1366 10035 4928 1
C1367 10029 5104 0
C1368 8173 2464 0
C1369 2925 1056 0
C1370 4004 1584 0
C1371 7780 3696 1
C1372 8102 1232 0
C1373 9945 5104 1
C1374 2214 5984 0
C1375 2029 3696 0
C1376 1976 4048 0
C1377 5831 4576 1
C1378 1685 5984 1
C1379 8785 4576 1
C1380 1889 2992 1
C1381 4506 5984 0
C1382 3386 5104 1
C1383 3334 5280 1
C1384 5507 5104 0
C1385 10039 5632 1
C1386 4013 6864 0
C1387 4203 4752 1
C1388 2725 3168 1
C1389 2063 2992 0
C1390 4068 528 0
C1391 7879 5808 1
C1392 5004 5104 0
C1393 2127 4224 1
C1394 7049 6864 1
C1395 7068 6336 1
C1396 3803 704 1
C1397 4018 7040 0
C1398 2717 2816 1
C1399 1218 2640 0
C1400 1422 3168 1
C1401 2373 1584 1
C1402 7844 1760 0
C1403 8765 4576 0
C1404 7207 3872 0
C1405 8048 2816 0
C1406 9701 5456 0
C1407 2785 880 1
C1408 2933 2112 1
C1409 4822 6688 1
C1410 3816 2112 0
C1411 4573 0 0
C1412 3848 176 1
C1413 4819 1760 0
C1414 4620 5984 0
C1415 4762 6160 1
C1416 7974 4752 0
C1417 2236 1936 0
C1418 1988 1584 1
C1419 4304 3696 0
C1420 6419 1408 0
C1421 2792 4576 0
C1422 7036 3872 1
C1423 5971 1408 1
C1424 8761 4048 0
C1425 8571 5104 1
C1426 5889 1232 0
C1427 5797 1056 1
C1428 7248 5632 1
C1429 1696 2640 1
C1430 8049 7216 1
C1431 2530 880 0
C1432 3060 1584 0
C1433 6655 352 1
C1434 6493 528 0
C1435 8053 4576 0
C1436 8530 3696 0
C1437 8804 3344 1
C1438 6677 1408 1
C1439 3490 4752 0
C1440 7992 5456 1
C1441 7857 4752 0
C1442 8662 4928 0
C1443 7873 4400 0
C1444 8146 6688 1
C1445 5653 4752 0
C1446 810 4048 1
C1447 2498 2816 1
C1448 1679 1936 0
C1449 2199 3168 0
C1450 1973 3520 0
C1451 2653 2816 0
C1452 5432 6336 1
C1453 6668 5456 0
C1454 6514 5632 0
C1455 8439 5632 1
C1456 4390 1584 1
C1457 4321 1584 1
C1458 7882 2464 0
C1459 7751 2464 0
C1460 1730 3872 0
C1461 1189 5456 0
C1462 8406 1584 0
C1463 8848 1584 0
C1464 1561 5984 0
C1465 1907 6160 1
C1466 1061 5456 1
C1467 1047 5984 0
C1468 9650 5632 0
C1469 9218 2112 1
C1470 2663 3344 0
C1471 2429 3520 1
C1472 2098 3168 1
C1473 2016 3168 0
C1474 2063 3168 0
C1475 3731 5104 1
C1476 1684 4048 1
C1477 8827 2640 1
C1478 9106 2640 1
C1479 5424 6864 1
C1480 5074 7920 1
C1481 8930 7920 1
C1482 8570 7216 0
C1483 8959 704 0
C1484 6697 5984 1
C1485 1791 7568 0
C1486 5403 7920 0
C1487 6644 7920 0
C1488 6112 2992 0
C1489 7190 3168 0
C1490 7209 3168 1
C1491 10012 6864 0
C1492 0 7920 1
C1493 0 2816 0
C1494 4401 2288 0
C1495 5995 5984 1
C1496 764 0 0
C1497 1452 7920 1
C1498 9607 2288 0
C1499 6233 0 1
C1500 8676 2112 0
C1501 8945 1760 0
C1502 3816 2288 1
C1503 4170 2816 0
C1504 4339 2992 0
C1505 4607 2464 1
C1506 678 5632 1
C1507 2964 7920 0
C1508 9594 6688 1
C1509 6308 7392 1
C1510 9643 7744 0
C1511 9451 7920 1
C1512 7620 704 0
C1513 4589 4400 0
C1514 7799 176 1
C1515 7096 2816 1
C1516 9635 7920 1
C1517 9355 7744 1
C1518 9564 7920 1
C1519 6865 1232 0
C1520 4800 2464 0
C1521 5160 2464 0
C1522 5931 528 1
C1523 7588 5632 0
C1524 6221 3344 0
C1525 9459 7040 1
C1526 8521 528 1
C1527 7240 5456 0
C1528 7502 5280 1
C1529 7096 3168 0
C1530 3882 3696 1
C1531 8454 176 1
C1532 1173 1056 0
C1533 1263 1232 1
C1534 8939 1056 0
C1535 3879 7216 1
C1536 9195 176 0
C1537 5826 3696 1
C1538 1487 6864 0
C1539 3439 7392 0
C1540 4770 7392 1
C1541 4757 3696 0
C1542 4701 7216 0
C1543 6895 7920 0
C1544 4699 7392 1
C1545 5826 3696 0
C1546 795 2992 1
C1547 788 2992 0
C1548 6824 7920 0
C1549 780 5280 1
C1550 804 3696 0
C1551 934 6160 0
C1552 1047 6336 0
C1553 562 7216 0
C1554 934 5808 0
C1555 769 2288 1
C1556 456 2288 0
C1557 626 6512 0
C1558 5757 7216 1
C1559 1037 1056 1
C1560 736 2288 0
C1561 9508 2816 0
C1562 833 2464 0
C1563 1089 7392 0
C1564 1116 6688 0
C1565 8752 7216 1
C1566 7042 6864 0
C1567 8837 704 1
C1568 3609 7392 1
C1569 10104 352 0
C1570 6527 7216 0
C1571 7491 6160 1
C1572 3017 7920 1
C1573 9367 2288 1
C1574 3184 7920 0
C1575 5836 528 0
C1576 4942 7744 0
C1577 5270 2464 1
C1578 1194 1408 0
C1579 847 2640 0
C1580 937 1936 0
C1581 1715 704 1
C1582 1988 1584 0
C1583 1221 1056 1
C1584 1988 1232 1
C1585 901 2640 1
C1586 984 2288 0
C1587 1029 1936 1
C1588 4658 2816 1
C1589 4946 2464 0
C1590 5627 2992 1
C1591 9270 1232 1
C1592 1014 5104 1
C1593 934 5984 0
C1594 1988 1232 0
C1595 1585 1760 1
C1596 830 1056 0
C1597 9348 880 1
C1598 5826 4048 1
C1599 3878 2992 0
C1600 1040 6864 1
C1601 3869 2816 1
C1602 9304 7392 1
C1603 1018 6512 0
C1604 1433 6512 0
C1605 2903 7392 1
C1606 9526 528 1
C1607 10106 0 1
C1608 4984 7920 1
C1609 4486 2640 1
C1610 3788 6864 1
C1611 1300 6688 0
C1612 9175 7216 1
C1613 9147 2112 0
C1614 771 2640 1
C1615 1108 1056 1
C1616 5257 2464 0
C1617 867 2288 0
C1618 770 2464 1
C1619 7820 7744 0
C1620 3937 7216 0
C1621 5627 3344 0
C1622 5627 3344 1
C1623 7744 5104 0
C1624 9564 1056 0
C1625 4568 6864 1
C1626 3475 7568 1
C1627 7346 7392 1
C1628 941 5632 1
C1629 7122 704 0
C1630 1573 6688 0
C1631 5940 7568 0
C1632 4718 7040 0
C1633 5880 7216 0
C1634 4908 2464 1
C1635 6726 5456 1
C1636 6292 2992 0
C1637 6584 6864 1
C1638 4200 7392 0
C1639 5990 7216 1
C1640 5826 3872 1
C1641 7487 7920 1
C1642 3737 7040 0
C1643 8895 6512 0
C1644 5689 7568 0
C1645 7196 2816 1
C1646 7291 2464 1
C1647 8408 528 1
C1648 9569 2112 1
C1649 934 6336 0
C1650 4090 7216 1
C1651 36 352 0
C1652 6292 3168 1
C1653 6136 2992 1
C1654 3547 7392 0
C1655 4899 6864 0
C1656 7536 5456 0
C1657 5951 7216 0
C1658 513 6512 0
C1659 5006 880 0
C1660 6063 7040 1
C1661 8187 528 1
C1662 8840 7920 1
C1663 7689 7216 1
C1664 8669 7920 0
C1665 7628 6160 1
C1666 6308 352 0
C1667 8882 6336 0
C1668 7094 5456 1
C1669 846 6688 0
C1670 5851 2992 0
C1671 5740 2992 1
C1672 5899 2992 1
C1673 6056 3696 1
C1674 6098 4400 0
C1675 5897 3696 1
C1676 5836 3520 1
C1677 6010 3696 0
C1678 5987 4400 1
C1679 6257 4400 0
C1680 5939 3872 1
C1681 5918 3872 0
C1682 5318 2288 0
C1683 4658 2992 0
C1684 4134 2992 0
C1685 5222 2288 1
C1686 909 2992 0
C1687 1252 6512 0
C1688 1221 1584 1
C1689 5627 2640 0
C1690 8520 704 1
C1691 10062 7920 1
C1692 10062 704 0
C1693 7096 2992 1
C1694 9527 7744 0
C1695 7107 7216 1
C1696 7789 7920 0
C1697 9871 352 0
C1698 1709 7568 1
C1699 7487 1232 1
C1700 1593 7392 0
C1701 6867 880 1
C1702 4471 7392 1
C1703 7423 528 0
C1704 4181 7568 1
C1705 9417 7392 1
C1706 9949 352 1
C1707 9119 7392 1
C1708 6912 7216 0
C1709 6292 3344 1
C1710 6292 3344 0
C1711 10062 7216 1
C1712 8163 704 0
C1713 5057 7216 0
C1714 483 4048 1
C1715 5660 704 1
C1716 7449 5456 0
C1717 6856 7392 0
C1718 9695 7568 0
C1719 7582 7040 1
C1720 7648 7216 0
C1721 9436 6864 1
C1722 0 7920 0
C1723 0 7216 1
C1724 9906 7744 0
C1725 7384 5632 1
C1726 6929 2464 1
C1727 7613 6512 1
C1728 4018 3520 1
C1729 7646 6336 1
C1730 7815 880 0
C1731 5035 3520 1
C1732 3695 2816 1
C1733 7380 6688 0
C1734 7550 2816 1
C1735 6966 7920 0
C1736 2873 7392 0
C1737 9990 7920 0
C1738 9419 2992 0
C1739 4618 3872 1
C1740 1187 6688 0
C1741 1005 6336 1
C1742 729 7392 0
C1743 837 7216 1
C1744 1558 7040 1
C1745 249 2112 0
C1746 4387 0 1
C1747 1303 1760 0
C1748 0 7744 0
C1749 751 5280 0
C1750 3390 3520 0
C1751 298 6512 1
C1752 769 6512 0
C1753 9532 6864 0
C1754 8226 6336 1
C1755 7506 704 1
C1756 878 3168 0
C1757 7617 6864 0
C1758 7461 5632 1
C1759 6697 528 0
C1760 1876 7392 0
C1761 4058 7568 0
C1762 5583 0 1
C1763 9293 2288 0
C1764 9415 2464 0
C1765 9426 352 0
C1766 6464 6688 0
C1767 10053 6864 1
C1768 9835 6688 0
C1769 4567 7568 1
C1770 4586 7392 1
C1771 4738 7568 0
C1772 4373 2640 1
C1773 9948 7392 1
C1774 1047 6160 1
C1775 9596 7392 0
C1776 4277 3872 0
C1777 4491 4752 1
C1778 8628 7568 0
C1779 1435 6688 1
C1780 1008 5456 0
C1781 7381 1056 0
C1782 1267 6512 1
C1783 7192 2464 0
C1784 5487 4576 0
C1785 1577 6512 1
C1786 4633 7392 0
C1787 10083 7040 1
C1788 10043 528 0
C1789 4520 7392 0
C1790 5746 528 1
C1791 3811 3696 1
C1792 3699 3344 1
C1793 9993 7392 0
C1794 2926 7216 0
C1795 1379 6864 1
C1796 651 7920 1
C1797 842 7392 0
C1798 7641 5280 0
C1799 7647 5280 1
C1800 915 3520 0
C1801 1181 7568 0
C1802 10062 1232 1
C1803 30 6688 0
C1804 7892 7216 1
C1805 4423 1936 0
C1806 9601 2288 1
C1807 9488 2288 1
C1808 8118 6864 0
C1809 7446 352 1
C1810 8094 7568 1
C1811 5793 352 0
C1812 7576 7216 1
C1813 6791 6864 0
C1814 6248 7040 0
C1815 9877 7920 0
C1816 6949 2112 1
C1817 4358 7392 1
C1818 7926 704 0
C1819 4272 3168 0
C1820 7816 7040 0
C1821 5374 4400 1
C1822 5374 4576 0
C1823 8356 704 0
C1824 9949 7920 1
C1825 6227 7392 0
C1826 7257 5984 0
C1827 4922 3696 1
C1828 4879 3520 0
C1829 7339 5456 1
C1830 9313 352 0
C1831 8243 7216 0
C1832 8341 6512 0
C1833 7514 5280 0
C1834 7202 2112 1
C1835 7866 528 0
C1836 4534 1936 1
C1837 7886 6864 0
C1838 336 5632 1
C1839 4996 7392 0
C1840 2673 7392 1
C1841 8298 7216 1
C1842 530 352 0
C1843 2836 7744 0
C1844 2768 7920 1
C1845 1678 7568 0
C1846 7758 7040 1
C1847 7747 528 0
C1848 10062 352 1
C1849 8783 528 0
C1850 9089 0 0
C1851 8168 0 0
C1852 5852 2640 0
C1853 5627 2992 0
C1854 4610 3520 0
C1855 1146 6160 0
C1856 1590 7392 1
C1857 4151 2640 0
C1858 4677 3168 0
C1859 1606 7568 0
C1860 10125 7040 0
C1861 7367 2288 1
C1862 7052 2464 0
C1863 7216 6512 0
C1864 1591 7744 1
C1865 5967 7392 1
C1866 6244 7216 0
C1867 6426 7392 1
C1868 4746 7392 0
C1869 4828 3696 0
C1870 6846 6864 1
C1871 7002 7216 1
C1872 775 5456 1
C1873 7961 528 1
C1874 8680 7216 1
C1875 10062 6688 0
C1876 4618 4048 1
C1877 9270 7920 1
C1878 8565 528 0
C1879 1037 2464 1
C1880 7129 2640 0
C1881 7435 7040 1
C1882 5859 528 1
C1883 9528 6864 1
C1884 6927 1056 0
C1885 5970 7920 0
C1886 10043 528 1
C1887 4535 2464 1
C1888 3384 7744 0
C1889 7209 3344 1
C1890 7096 3344 1
C1891 7096 3168 1
C1892 7108 6512 1
C1893 9326 1056 0
C1894 9257 880 0
C1895 934 6336 1
C1896 5255 7920 0
C1897 765 3168 1
C1898 9583 6512 0
C1899 7280 2992 0
C1900 4273 2816 0
C1901 3451 7744 1
C1902 7311 5456 0
C1903 9461 6864 0
C1904 4222 3696 1
C1905 3805 3168 1
C1906 4134 3168 1
C1907 5681 1232 1
C1908 3235 2816 0
C1909 6419 7920 0
C1910 6723 7568 1
C1911 2965 3872 1
C1912 3076 3696 1
C1913 3744 4224 1
C1914 2783 3520 0
C1915 0 3872 1
C1916 592 2816 1
C1917 17 2288 1
C1918 0 3344 1
C1919 639 6512 1
C1920 4301 6688 0
C1921 5491 4400 0
C1922 2491 6688 1
C1923 7094 5104 1
C1924 6779 5104 0
C1925 6460 6336 1
C1926 465 880 1
C1927 794 880 0
C1928 662 352 1
C1929 1495 704 0
C1930 4739 7920 0
C1931 5187 7920 1
C1932 566 7392 1
C1933 4214 5104 0
C1934 4076 4224 0
C1935 5144 0 0
C1936 6437 2640 0
C1937 5980 1760 0
C1938 860 7920 0
C1939 7511 0 1
C1940 6520 1056 1
C1941 4836 1056 1
C1942 7190 1232 0
C1943 4164 3344 0
C1944 5356 7040 0
C1945 5360 7392 1
C1946 9583 5984 0
C1947 8298 7920 1
C1948 7756 7920 1
C1949 7970 7920 0
C1950 6996 7568 0
C1951 1815 7920 0
C1952 3833 4048 0
C1953 6085 2464 0
C1954 6320 1056 0
C1955 4618 2112 0
C1956 9180 2288 0
C1957 6247 7040 1
C1958 878 3168 1
C1959 699 3520 1
C1960 3244 7568 1
C1961 7775 704 1
C1962 9530 7392 1
C1963 7779 7216 1
C1964 5726 1056 1
C1965 878 3872 1
C1966 9327 7216 0
C1967 5727 4224 1
C1968 9595 2464 0
C1969 3693 2992 0
C1970 10081 2112 0
C1971 1842 7392 1
C1972 5474 352 0
C1973 856 5104 1
C1974 8971 176 1
C1975 6195 7392 1
C1976 9430 2816 1
C1977 4386 2816 0
C1978 934 6160 1
C1979 4300 4576 0
C1980 4894 7568 0
C1981 1005 6160 0
C1982 4941 3696 0
C1983 9413 528 1
C1984 10062 176 0
C1985 7260 3344 1
C1986 3588 7568 1
C1987 4548 4752 0
C1988 8387 7216 0
C1989 844 3520 0
C1990 720 2464 0
C1991 130 5280 0
C1992 8011 7040 1
C1993 8632 6160 1
C1994 8258 7392 0
C1995 8850 3344 0
C1996 8992 2816 0
C1997 8570 2640 0
C1998 8398 2816 1
C1999 4442 7920 1
C2000 7443 6160 0
C2001 9337 7920 0
C2002 8870 6864 1
C2003 8774 7568 1
C2004 8821 7920 0
C2005 5703 7920 1
C2006 7087 7920 0
C2007 6281 7920 1
C2008 910 7920 1
C2009 294 7744 0
C2010 830 7040 1
C2011 903 7040 0
C2012 2065 7920 1
C2013 2357 7920 0
C2014 2145 7392 0
C2015 9124 528 0
C2016 8826 352 1
C2017 9568 0 0
C2018 9386 0 1
C2019 0 4576 0
C2020 0 4400 0
C2021 148 5280 1
C2022 1020 4576 1
C2023 5087 7216 1
C2024 4597 6336 1
C2025 4150 7920 0
C2026 3660 7392 0
C2027 5727 4224 0
C2028 4119 4576 1
C2029 5343 2464 1
C2030 4450 3520 1
C2031 121 6864 1
C2032 1118 6336 1
C2033 678 5104 0
C2034 842 6688 1
C2035 228 2464 1
C2036 0 3520 1
C2037 50 2816 1
C2038 0 4752 1
C2039 4145 4400 1
C2040 9255 7040 0
C2041 5054 3696 0
C2042 6002 176 1
C2043 7163 7040 0
C2044 5035 3696 1
C2045 7199 7040 1
C2046 4644 3696 0
C2047 0 7744 1
C2048 3680 7392 1
C2049 9574 6512 1
C2050 10106 7392 0
C2051 4935 7568 1
C2052 6901 2288 1
C2053 4859 7392 1
C2054 3018 7392 0
C2055 9615 1056 1
C2056 6064 7216 0
C2057 5897 3696 0
C2058 6859 1408 0
C2059 5629 7216 1
C2060 1160 7392 0
C2061 1273 7392 0
C2062 8320 176 1
C2063 745 3344 1
C2064 3708 1584 0
C2065 4150 1584 1
C2066 7907 6336 1
C2067 697 6512 0
C2068 1324 7392 0
C2069 4449 6864 0
C2070 6134 7040 1
C2071 10125 6864 1
C2072 663 6864 1
C2073 4569 1936 0
C2074 10035 1936 1
C2075 5857 7920 0
C2076 9970 7040 1
C2077 5445 4400 1
C2078 9011 7392 0
C2079 9122 6336 1
C2080 5049 6864 0
C2081 4065 2992 1
C2082 5221 7392 0
C2083 6084 0 0
C2084 4068 3520 0
C2085 4706 2288 1
C2086 6869 2640 1
C2087 3816 2288 0
C2088 5886 528 0
C2089 3213 7568 0
C2090 2836 6688 0
C2091 2728 7568 1
C2092 2983 7392 1
C2093 7199 0 0
C2094 8053 0 1
C2095 7647 352 1
C2096 8023 528 0
C2097 6144 4048 1
C2098 6376 4400 1
C2099 5863 2816 1
C2100 5702 2816 0
C2101 6631 6688 1
C2102 6582 7392 1
C2103 6340 7392 0
C2104 7022 5632 0
C2105 8392 0 0
C2106 8660 0 1
C2107 8326 1232 0
C2108 8197 1232 1
C2109 8223 7392 1
C2110 9600 6864 1
C2111 9853 7040 0
C2112 5219 7568 1
C2113 5927 6864 0
C2114 5826 4048 0
C2115 0 5632 0
C2116 8597 6512 1
C2117 1110 1232 0
C2118 4385 3168 0
C2119 4090 3520 1
C2120 2128 6512 1
C2121 7096 3520 0
C2122 9903 2464 0
C2123 7259 2288 0
C2124 6194 7216 1
C2125 1154 2288 1
C2126 1031 1584 0
C2127 7147 7920 1
C2128 638 7568 1
C2129 7376 7216 0
C2130 6925 7392 0
C2131 6156 3168 1
C2132 6267 3168 0
C2133 4859 7392 0
C2134 1225 2288 0
C2135 1286 7392 1
C2136 1402 7920 0
C2137 1357 7392 1
C2138 5826 3872 0
C2139 3357 7568 1
C2140 5500 528 0
C2141 5085 528 0
C2142 8977 0 0
C2143 7427 7744 0
C2144 5604 4576 1
C2145 5600 4576 0
C2146 5421 4752 0
C2147 7629 7920 0
C2148 7096 3344 0
C2149 9748 7568 1
C2150 9643 7392 1
C2151 9272 6864 0
C2152 9386 6864 1
C2153 10012 352 0
C2154 9877 1232 1
C2155 10125 880 1
C2156 7549 704 0
C2157 6648 7216 0
C2158 7025 7216 0
C2159 6826 7216 1
C2160 9835 7568 0
C2161 515 7920 1
C2162 7491 5456 1
C2163 7513 4752 1
C2164 7573 5280 1
C2165 7636 5104 1
C2166 5468 4576 1
C2167 6381 7568 0
C2168 3277 7392 0
C2169 4247 2992 0
C2170 9697 352 0
C2171 9079 1056 0
C2172 9561 880 1
C2173 10104 7568 1
C2174 10103 7920 0
C2175 1684 7392 1
C2176 1706 7392 0
C2177 5374 4400 0
C2178 4164 4576 0
C2179 7571 5456 1
C2180 5431 2288 0
C2181 4551 2464 0
C2182 5066 2464 0
C2183 3088 7920 1
C2184 3920 7920 0
C2185 1573 6512 0
C2186 8739 1232 1
C2187 8076 7568 0
C2188 0 7216 0
C2189 740 3872 0
C2190 534 4048 0
C2191 6114 352 0
C2192 0 7392 0
C2193 0 7040 0
C2194 8494 1584 1
C2195 3280 7040 1
C2196 3360 7920 0
C2197 5882 2640 1
C2198 29 2464 0
C2199 3095 7040 1
C2200 3882 7920 1
C2201 2044 7568 0
C2202 2633 7216 1
C2203 1191 6336 0
C2204 0 3344 0
C2205 0 704 0
C2206 4268 1408 0
C2207 3123 1056 0
C2208 3154 1056 1
C2209 3871 4224 0
C2210 2649 6336 0
C2211 10081 6336 0
C2212 6039 1408 1
C2213 6804 352 1
C2214 0 1232 1
C2215 3102 1584 1
C2216 1995 6512 1
C2217 8196 6160 1
C2218 5205 6336 1
C2219 6710 6864 1
C2220 9833 5632 0
C2221 6912 6512 0
C2222 866 2992 1
C2223 603 4048 1
C2224 925 4928 1
C2225 9956 6688 1
C2226 9406 2288 0
C2227 8247 5280 1
C2228 8053 5632 0
C2229 630 5104 1
C2230 908 2288 1
C2231 388 1232 0
C2232 6597 352 0
C2233 7502 2992 1
C2234 6979 4576 1
C2235 9919 1232 0
C2236 5635 1584 1
C2237 9875 6336 0
C2238 6036 1232 0
C2239 6825 0 0
C2240 3160 880 0
C2241 4984 352 0
C2242 7146 2816 1
C2243 6287 2816 0
C2244 7096 2992 0
C2245 643 704 0
C2246 1585 1760 0
C2247 7086 5984 1
C2248 5783 2112 0
C2249 5096 6512 0
C2250 3145 6688 1
C2251 6883 4752 1
C2252 6818 4752 0
C2253 0 5984 0
C2254 72 7040 0
C2255 0 6688 1
C2256 2274 6512 1
C2257 2070 6336 0
C2258 5720 6512 1
C2259 9201 1584 0
C2260 9599 1584 1
C2261 9301 1584 1
C2262 8118 6512 0
C2263 8250 6160 0
C2264 750 5456 0
C2265 0 4928 0
C2266 2718 6688 0
C2267 2854 6864 0
C2268 0 2816 1
C2269 109 2112 1
C2270 0 2288 0
C2271 3850 3520 1
C2272 3916 3696 0
C2273 9241 6336 0
C2274 8894 6160 0
C2275 1256 1760 0
C2276 1216 1584 0
C2277 887 1408 0
C2278 686 2288 0
C2279 867 2112 0
C2280 572 2288 0
C2281 9431 1584 0
C2282 9536 1232 1
C2283 9485 1584 1
C2284 57 3696 1
C2285 0 3872 0
C2286 7538 5632 0
C2287 7828 5632 1
C2288 7225 5456 1
C2289 6811 5456 0
C2290 6111 5984 0
C2291 9073 5280 1
C2292 9650 5632 1
C2293 9343 6864 0
C2294 8956 6336 0
C2295 7281 6864 0
C2296 8903 6864 0
C2297 1028 3520 0
C2298 917 3696 0
C2299 968 3520 1
C2300 0 5632 1
C2301 5314 6336 1
C2302 5262 6336 0
C2303 6811 6512 0
C2304 9011 1584 0
C2305 9079 1760 0
C2306 0 1584 0
C2307 6909 5456 1
C2308 2977 7040 1
C2309 3017 880 1
C2310 6591 4928 0
C2311 4769 1232 0
C2312 5935 1232 1
C2313 3787 1408 1
C2314 1020 528 1
C2315 5134 1056 0
C2316 6709 5280 0
C2317 0 1408 1
C2318 4603 1232 1
C2319 9664 6336 1
C2320 6389 7040 0
C2321 6632 6512 1
C2322 73 704 0
C2323 118 7920 1
C2324 0 2112 0
C2325 8835 1408 1
C2326 6793 6512 1
C2327 13 1408 0
C2328 6783 5632 1
C2329 8912 7040 0
C2330 7935 6336 0
C2331 747 2112 1
C2332 4913 528 1
C2333 2663 6512 0
C2334 6199 6864 0
C2335 5679 6160 1
C2336 8652 6688 1
C2337 3787 6864 0
C2338 6083 7920 0
C2339 3499 4400 0
C2340 3519 704 0
C2341 3893 1232 0
C2342 2365 7744 1
C2343 6475 352 1
C2344 3815 2640 0
C2345 6323 2640 1
C2346 6819 5984 0
C2347 9969 1760 1
C2348 5 0 0
C2349 9768 5632 0
C2350 0 4224 0
C2351 2875 7040 0
C2352 0 5104 1
C2353 0 5456 1
C2354 6938 5280 0
C2355 6916 4928 0
C2356 63 1408 0
C2357 50 528 0
C2358 1548 6688 1
C2359 8541 704 0
C2360 3652 1408 1
C2361 9438 2288 1
C2362 3973 1408 1
C2363 4153 704 0
C2364 3606 1408 0
C2365 10 3696 1
C2366 0 4400 1
C2367 185 2288 0
C2368 7724 2816 0
C2369 7096 2816 0
C2370 3280 6336 0
C2371 50 5104 0
C2372 993 1056 0
C2373 9478 1584 0
C2374 0 2640 0
C2375 0 1760 0
C2376 175 3696 1
C2377 2816 6336 1
C2378 0 5456 0
C2379 593 1584 1
C2380 0 3696 0
C2381 4457 528 0
C2382 3371 3872 0
C2383 9547 1760 0
C2384 5693 6864 1
C2385 9401 5104 0
C2386 7899 5808 0
C2387 8981 1408 0
C2388 9499 5984 1
C2389 3816 1936 0
C2390 6916 4928 1
C2391 7180 4576 1
C2392 271 3168 0
C2393 8584 5632 1
C2394 5641 1584 0
C2395 7659 4928 1
C2396 139 7040 1
C2397 4817 6864 1
C2398 126 1936 1
C2399 0 4928 1
C2400 6186 6160 0
C2401 3803 5104 1
C2402 2633 6864 1
C2403 1895 6512 0
C2404 3390 880 0
C2405 2013 7392 1
C2406 841 4224 1
C2407 6890 6336 0
C2408 4148 880 0
C2409 6771 6160 0
C2410 628 1760 0
C2411 6210 5456 1
C2412 9312 1232 0
C2413 4675 704 1
C2414 230 7216 1
C2415 6372 704 0
C2416 6008 2112 0
C2417 1884 6688 1
C2418 5944 6336 1
C2419 8790 528 1
C2420 7003 4576 0
C2421 7365 6864 1
C2422 7563 7568 1
C2423 8914 2816 1
C2424 6147 1760 1
C2425 6928 352 0
C2426 50 1760 1
C2427 180 5632 0
C2428 8387 6864 0
C2429 9617 6160 1
C2430 5150 5280 0
C2431 521 1056 1
C2432 0 176 0
C2433 8539 5632 0
C2434 8675 5456 1
C2435 8726 1056 1
C2436 0 1056 0
C2437 1574 176 0
C2438 838 0 1
C2439 979 704 0
C2440 0 1056 1
C2441 0 704 1
C2442 6081 2112 1
C2443 879 1760 1
C2444 516 704 1
C2445 9067 5984 0
C2446 7324 7392 0
C2447 9359 6336 0
C2448 6061 2464 1
C2449 9433 352 1
C2450 0 3520 0
C2451 0 4576 1
C2452 3983 3872 1
C2453 1686 6688 0
C2454 2128 7568 1
C2455 2202 6688 0
C2456 6995 0 1
C2457 5052 1232 1
C2458 3816 2112 1
C2459 185 6688 1
C2460 296 7040 0
C2461 6555 6160 1
C2462 6714 6688 0
C2463 5827 880 1
C2464 5407 176 0
C2465 0 6512 0
C2466 9451 2640 1
C2467 7457 3344 0
C2468 9105 880 0
C2469 9028 1056 0
C2470 4448 1232 1
C2471 4510 1584 1
C2472 9325 1056 1
C2473 4823 3696 1
C2474 8133 880 0
C2475 8082 880 0
C2476 8167 6688 0
C2477 8108 6688 0
C2478 6846 528 1
C2479 5960 1584 1
C2480 6335 5808 1
C2481 6267 5808 0
C2482 4423 1760 1
C2483 4376 1760 1
C2484 5988 6512 1
C2485 0 880 1
C2486 0 6336 0
C2487 8845 7744 1
C2488 3834 4752 0
C2489 7759 6336 1
C2490 7810 6336 1
C2491 903 4576 0
C2492 3801 4224 0
C2493 4993 6336 0
C2494 1749 7920 1
C2495 3737 7040 1
C2496 3737 6864 1
C2497 3511 3168 1
C2498 3529 3168 0
C2499 4314 3520 1
C2500 5523 6688 1
C2501 5444 6688 0
C2502 7462 2112 1
C2503 7470 2112 0
C2504 4353 1760 0
C2505 4404 1760 0
C2506 6300 528 1
C2507 6351 528 1
C2508 589 1232 0
C2509 0 1232 0
C2510 4610 4224 1
C2511 4538 4400 0
C2512 5398 528 0
C2513 5347 528 0
C2514 1246 2112 0
C2515 1233 2112 1
C2516 9037 6512 1
C2517 1486 1760 0
C2518 1439 1760 0
C2519 7702 2464 0
C2520 7665 5104 0
C2521 7658 4928 0
C2522 1109 2816 0
C2523 1022 2992 0
C2524 1828 7392 0
C2525 4044 2464 1
C2526 4020 2464 0
C2527 7868 6336 0
C2528 7817 6336 0
C2529 1710 6336 1
C2530 1546 6336 0
C2531 1620 6864 0
C2532 1569 6864 0
C2533 4936 1408 0
C2534 5012 6160 1
C2535 1320 5632 0
C2536 1269 5632 0
C2537 6961 5632 1
C2538 1280 5808 0
C2539 1352 5632 1
C2540 2529 7392 1
C2541 3793 7392 1
C2542 4228 2640 0
C2543 71 1232 1
C2544 3211 7040 0
C2545 6061 6336 0
C2546 653 3872 1
C2547 0 528 1
C2548 4459 1584 1
C2549 4454 1760 0
C2550 7710 2640 1
C2551 6102 1056 1
C2552 3714 0 1
C2553 7656 4400 1
C2554 7753 4400 1
C2555 5449 528 0
C2556 5278 528 0
C2557 8776 3168 0
C2558 4234 528 0
C2559 9463 1056 1
C2560 9984 6336 1
C2561 9129 1584 0
C2562 9032 1760 1
C2563 4910 6336 0
C2564 4831 6512 0
C2565 4517 6864 1
C2566 4564 6864 0
C2567 5004 1232 0
C2568 3193 1584 1
C2569 3639 3344 1
C2570 7021 5632 1
C2571 5262 6160 0
C2572 5235 6160 1
C2573 7658 2640 1
C2574 3562 3168 1
C2575 2101 1232 0
C2576 1988 1408 0
C2577 9119 7040 0
C2578 8762 7216 0
C2579 7474 3168 1
C2580 8823 3168 0
C2581 3748 4048 1
C2582 4469 7392 0
C2583 4401 6864 0
C2584 10074 1056 0
C2585 10074 1056 1
C2586 5413 6688 1
C2587 5393 6688 0
C2588 7654 2112 0
C2589 7538 2112 1
C2590 6452 528 1
C2591 0 6864 0
C2592 4720 3168 1
C2593 9037 6512 0
C2594 9477 2112 1
C2595 6401 528 1
C2596 9190 6336 0
C2597 5753 2640 1
C2598 0 2464 1
C2599 9426 2112 1
C2600 0 6160 1
C2601 0 7040 1
C2602 9037 6688 1
C2603 0 6864 1
C2604 3615 7920 1
C2605 60 176 1
C2606 213 352 1
C2607 943 1056 0
C2608 1698 1760 1
C2609 0 1760 1
C2610 1010 2640 0
C2611 10 4048 0
C2612 0 5280 1
C2613 3968 3520 1
C2614 51 6864 0
C2615 51 7040 1
C2616 1778 7392 0
C2617 2067 6512 1
C2618 2687 7392 0
C2619 6526 7216 1
C2620 6410 7216 0
C2621 5064 6336 0
C2622 7654 7040 1
C2623 8875 1584 1
C2624 6866 4928 1
C2625 8358 6688 1
C2626 8759 5808 1
C2627 7347 6336 1
C2628 8864 6336 1
C2629 8945 1936 0
C2630 6001 2464 1
C2631 9103 176 0
C2632 6775 0 0
C2633 5950 2464 1
C2634 6025 528 1
C2635 4785 528 1
C2636 3715 1056 1
C2637 756 528 1
C2638 841 1584 0
C2639 979 1936 1
C2640 1388 2288 1
C2641 859 2992 0
C2642 828 3872 1
C2643 778 3872 1
C2644 813 4928 0
C2645 3706 4576 1
C2646 1086 5280 0
C2647 1597 6336 0
C2648 2559 6336 1
C2649 4193 6688 0
C2650 3764 6688 1
C2651 6950 5984 1
C2652 6099 6160 0
C2653 5894 6336 1
C2654 10075 6512 0
C2655 9672 2288 1
C2656 7195 4928 0
C2657 8449 5808 1
C2658 10125 5104 0
C2659 8003 5632 0
C2660 10125 5984 0
C2661 10125 2112 1
C2662 7799 2640 0
C2663 10125 1056 1
C2664 6916 528 1
C2665 6098 1408 0
C2666 5937 1056 1
C2667 4911 704 0
C2668 3736 1232 0
C2669 0 528 0
C2670 184 528 0
C2671 829 1760 1
C2672 1395 1760 1
C2673 0 2992 1
C2674 853 3872 0
C2675 0 4224 1
C2676 0 4048 1
C2677 3852 3696 0
C2678 0 5808 1
C2679 0 5104 0
C2680 1893 6512 1
C2681 2696 6512 1
C2682 3302 7040 0
C2683 6516 7040 1
C2684 6050 6160 1
C2685 5141 5984 1
C2686 10125 6336 1
C2687 8835 3168 1
C2688 7801 4400 1
C2689 8200 6160 0
C2690 8864 5456 0
C2691 6929 5632 0
C2692 10125 6512 0
C2693 9632 2112 0
C2694 7701 2464 1
C2695 9620 880 0
C2696 6878 352 0
C2697 5906 1584 1
C2698 6021 880 0
C2699 3889 528 0
C2700 3358 1408 0
C2701 2274 880 0
C2702 1255 1936 1
C2703 3994 2464 1
C2704 3604 3168 0
C2705 1143 2816 1
C2706 4721 2992 1
C2707 1405 5632 1
C2708 1302 5632 1
C2709 4670 4048 0
C2710 1660 6336 1
C2711 1845 6512 0
C2712 4919 6160 1
C2713 4467 6864 1
C2714 3737 6864 0
C2715 5363 6688 1
C2716 5326 5984 1
C2717 6368 5808 0
C2718 8218 6688 1
C2719 10125 1232 0
C2720 7686 5104 1
C2721 9018 7040 1
C2722 9072 6336 1
C2723 7857 6336 1
C2724 9140 6336 0
C2725 9444 2112 0
C2726 7424 3168 1
C2727 9099 880 1
C2728 7986 704 1
C2729 7589 2112 1
C2730 6503 528 1
C2731 5413 352 1
C2732 4446 1232 0
C2733 1678 176 1
C2734 176 176 1
